Adj Close,stock_volume,twitter_volume,likes,Subjectivity,Polarity,Sentiment,open_trend,high_trend,low_trend,close_trend,volume_trend,Sentiment_Score
148.30999755859375,71250400,1451,3.358270418668497,0.3410311912057794,0.16662988379418758,0.4186684969114619,0,0,0,0,0,Positive
147.80999755859375,65447400,1551,2.422508038585209,0.3367244414036827,0.17926251868815937,0.4347266881028939,0,0,0,0,0,Positive
146.6300048828125,68826400,1738,16.589787722317844,0.28500503697145024,0.11960061136653985,0.32013769363166955,1,1,1,0,1,Negative
142.91000366210938,64727200,2072,3.3636363636363638,0.30853323516310527,0.13885193930120127,0.34583934583934584,0,0,0,0,0,Negative
140.94000244140625,69721100,1912,3.910182767624021,0.3065454896119946,0.14181600970903463,0.385378590078329,0,0,0,0,1,Negative
142.64999389648438,62128300,1649,2.73595166163142,0.32383203511509506,0.17710016575837798,0.4507552870090634,1,1,1,1,0,Positive
142.16000366210938,76097000,1415,2.080394922425952,0.31764731427463144,0.17236275510338478,0.41678420310296194,0,1,0,0,1,Positive
144.49000549316406,70462700,1441,2.2658839779005526,0.30796616499140506,0.15083009237341516,0.38743093922651933,1,0,1,1,0,Positive
145.47000122070312,93886200,1860,2.0048283261802573,0.3178927066512041,0.16906498384454657,0.4259656652360515,1,1,1,1,1,Positive
143.2100067138672,82291200,1466,1.5078391274710292,0.29388026409568185,0.15543474875520807,0.41445126107702795,0,0,0,0,0,Positive
136.5,98931900,2025,2.8762937407589946,0.31247924867841137,0.1456526430273172,0.3799901429275505,0,0,0,0,1,Negative
134.50999450683594,160156900,1994,3.9018036072144286,0.29348825276156426,0.14732944817178648,0.36773547094188375,0,0,0,0,1,Negative
132.3699951171875,79592600,1962,4.602342158859471,0.2942696171867188,0.12695654297770173,0.33553971486761713,0,0,0,0,0,Negative
132.3000030517578,77432800,2006,3.728720756595321,0.3159573411223397,0.14901621257597655,0.35739173718267797,0,0,0,0,0,Negative
135.4499969482422,85928000,2013,2.8239087301587302,0.3144580340168448,0.16163610469236506,0.38095238095238093,1,1,1,1,1,Positive
132.22999572753906,77852100,2319,2.06752688172043,0.30821231145037853,0.1531902192478943,0.37333333333333335,1,0,0,0,0,Positive
131.86000061035156,63814900,1822,5.494788809654416,0.3240432235020825,0.17633643819500996,0.42896324739440483,0,0,0,0,0,Positive
130.02999877929688,69007800,2745,3.6255906942929843,0.3164636160497059,0.13786861209954004,0.36205016357688113,1,0,0,0,1,Negative
126.04000091552734,85438400,3508,5.331438317225697,0.30438879118104917,0.12980601502400851,0.32831154064809553,0,0,0,0,1,Negative
129.61000061035156,75703700,37362,8.204908401431394,0.20658963023308405,0.06458005158510065,0.17660097206644235,0,0,1,1,0,Negative
129.92999267578125,76960600,36973,6.911227928292223,0.19947339531058136,0.060634384628042076,0.16808195174551827,1,0,0,1,1,Negative
